1 0 3 2 0 0 3 1 0 2 0 4 1 0 4 2 0 3 4 0 1 3 2 4 0 1 0 4 3 0 3 2 1 4 3 0 2 4 0 2 0 4 1 0 4 2 0 3 4 0 3 0 2 0 1 1 0 2 0 3
1 10
0 2 10 11
1 3 11
2 4 11 12
3 5 12 13
4 6 13
5 7 13 14 15
6 8 15
7 9 15 16
8 16 
0 17 1 18
1 2 3 12 18 19
3 4 11 19 20
4 5 6 14 20 21
6 13 15 22
6 7 8 14 22 23
8 9 23 24
10 18 25
10 11 17 19 26
11 12 18 26 27
12 13 19 21 28
13 20 22 29
14 21 23 30
15 16 22 24 31
16 23 32
17 26 33
18 25 34 41
19 34 35
20 29 35 44
21 28 30 36
22 29 37 38
23 32 38 39 48
24 31 39
25 40 41
26 27 35 41 42
27 28 34 43 44
29 37 44 45
30 36 38 46
30 31 37 47
31 32 48 49
33 41
33 40 26 34 42
34 41 43
35 42 44
35 28 36 43 45
35 36 43 45
36 37 38 45 47
31 39 49 47
39 48