00000000000.10.203.0032.010.30021.302.000.10.203.00000000000
1 10
0 2 10 11
1 3 11 12
2 4 11 12
3 5 12 13
4 6 13 14
5 7 13 14 15
6 8 14 15
7 9 15 16
8 16 
0 17 1 18
1 2 3 12 18 19
2 3 4 11 19 20
4 5 6 14 20 21 22
5 6 7 13 15 21 22
6 7 8 14 22 23
8 9 23 24
10 18 25 26
11 17 19 25 26 27
11 12 18 26 27
12 13 21 28 29
13 14 20 22 28 29 30
13 14 15 21 29 30
15 16 24 31 32
16 23 31 32
17 18 26 33
17 18 19 25 27 33 34
18 19 26 34 35
20 21 29 35 36
20 21 22 28 30 36 37
21 22 29 36 37 38
23 24 32 38 39
23 24 31 39
25 26 40 41
26 27 35 41 42 43
27 28 34 42 43 44
28 29 30 37 44 45 46
29 30 36 38 45 46 47
30 31 37 46 47 48
31 32 48 49
33 41
33 40 34 42
34 35 41 43
34 35 42 44
35 36 43 45
36 37 38 45 47
37 38 46 48
39 48