0 0 90 0 72 64 0 64
90 0 72 64 111 94 146 80 131 0
131 0 146 80 180 60 180 0
180 0 180 60 200 77 230 52 240 0
240 0 230 52 266 97 295 60 290 0
290 0 295 60 325 75 330 60 320 0
320 0 330 60 340 80 370 110 375 90 360 0
360 0 375 90 400 75 440 70 470 0
470 0 440 70 445 100 490 60 510 0
510 0 490 60 550 75 550 0
0 64 72 64 111 94 76 125 0 125
111 94 146 80 180 60 200 77 190 122 125 122
190 122 200 77 230 52 266 97 233 144
295 60 325 75 330 60 340 80 310 130 280 130 266 97
340 80 370 110 390 110 310 130
375 90 400 75 440 70 445 100 420 125 390 110 370 110
445 100 490 60 550 75 550 125 480 120
0 125 76 125 74 167 0 170
76 125 111 94 125 122 131 175 74 167
125 122 190 122 233 144 220 170 131 175
233 144 266 97 280 130 280 170 220 170
280 130 310 130 330 172 280 170
310 130 330 172 420 175 420 125 390 110
420 125 420 175 490 170 480 120 445 100
480 120 550 125 550 175 490 170
0 170 74 167 96 220 0 210
74 167 131 175 130 230 96 220
131 175 220 170 100 210 160 213
220 170 225 230 275 220 280 170
280 170 330 172 325 215 275 220
330 172 420 175 370 220 325 215
420 175 490 170 480 220 470 260 430 280 420 260
490 170 550 75 550 225 480 220
0 210 96 220 80 254 0 260
130 230 131 175 160 213 190 210 185 270 130 270
220 170 190 210 185 270 225 230 225 260
275 220 325 215 325 268 280 260
325 215 370 220 375 270 325 268
370 220 420 175 420 260 375 270
480 220 550 225 550 270 470 260
0 260 80 254 60 350 0 350
96 220 80 254 60 350 138 350 130 270 130 230
130 270 185 270 170 350 138 350
185 270 225 160 240 350 170 350
240 350 225 260 225 230 275 220 280 260 290 350
280 260 325 268 320 350 290 350
325 268 320 350 375 350 375 270
375 270 375 350 425 350 430 280 420 260
430 280 175 350 470 350 470 260 540 280 
540 280 550 270 550 350 470 350