0 0 90 0 72 64 0 64
90 0 72 64 111 94 146 80 131 0
131 0 146 80 180 60 180 0
180 0 180 60 277 230 52 240 0
240 0 230 52 266 97 295 60 290 0
290 0 295 60 325 75 330 60 320 0
320 0 330 60 340 80 370 90 375 110 360 0
360 0 375 110 400 75 440 70 470 0
470 0 440 70 445 100 510 0
510 0 490 60 550 75 550 0
0 64  72 64 111 94 76 125 0 125
111 94 146 80 180 60 200 77 190 122 125 122
190 122 200 77 230 52 266 97 233 144
295 60 325 75 330 60 340 80 310 130 280 130 266 97
340 80 370 90 390 110 310 130
375 110 400 75 440 70 445 100 420 125 390 110 370 90
445 100 490 60 550 75 550 125 480 120
0 125 76 125 74 167 0 170
76 125 111 94 125 122 131 175 74 167
125 122 190 122 233 144 220 170 131 175
233 144 266 97 280 130 280 170 220 170
280 130 310 130 330 172 280 170
310 130 330 172 420 175 420 125 390 110
420 125 420 175 490 170 480 120 445 100
480 120 550 125 550 175 490 170
